eval_accuracy = 0.7072267
eval_loss = 0.79532725
global_step = 759
loss = 0.79548335
